AGEMAX <- 110
YOSMAX <- 70
